% -------------------------------------------------------------------
%  Generated by MATLAB on 4-Nov-2019 16:17:21
%  MATLAB version: 9.7.0.1216025 (R2019b) Update 1
% -------------------------------------------------------------------
                                  

A = ...
  [1.23654 9.5272 2.1815 4.5297 5.238 2.3439;
   1.4659 11.2004 2.8767 4.7603 4.2683 2.6028;
   2.6997 0.5291 5.0222 2.059 4.9244 8.7242;
   2.4919 2.7565 8.6705 4.8267 1.6392 3.0574;
   7.737 3.2249 2.4287 4.3578 8.9045 3.3267;
   10.1745 3.2031 9.7044 3.3384 22.8564 7.6963;
   1.9371 3.2575 6.9681 7.3445 5.6299 19.9665;
   1.1599 3.0202 3.6819 5.4846 1.1845 1.925];

A1 = ...
  [1.23654 1.4659 2.6997 2.4919 7.737 10.1745 1.9371 1.1599;
   9.5272 11.2004 0.5291 2.7565 3.2249 3.2031 3.2575 3.0202;
   2.1815 2.8767 5.0222 8.6705 2.4287 9.7044 6.9681 3.6819;
   4.5297 4.7603 2.059 4.8267 4.3578 3.3384 7.3445 5.4846;
   5.238 4.2683 4.9244 1.6392 8.9045 22.8564 5.6299 1.1845;
   2.3439 2.6028 8.7242 3.0574 3.3267 7.6963 19.9665 1.925];

B = ...
  [0.5291 5.0222 2.059;
   2.7565 8.6705 4.8267;
   3.2249 2.4287 4.3578];

B1 = ...
  [1.4659 11.2004 2.8767;
   2.6997 0.5291 5.0222;
   2.4919 2.7565 8.6705];

B2 = ...
  [1.4659 2.6997 2.4919;
   11.2004 0.5291 2.7565;
   2.8767 5.0222 8.6705];

C = ...
  [0.8762 0.7726 0.7582 0.8002 0.7962;
   0.3556 0.6205 0.9317 0.8679 0.871;
   0.906 0.9906 0.9514 0.9894 0.964];

FG = ...
  [0.092257190603290462 1.7544271047383562 0.17612662939702037;
   0.31972868493411066 6.5698332316909491 0.49792354741457512;
   0.09556107932823063 -4.3264952319242385 0.23238162567188878];

FG1 = ...
  [0.84353639402414893 3.5289847020039264 0.87543641398129957;
   0.13087925431234598 21.168777168777169 1.043606022129512;
   0.9384711648764209 0.10535223607184104 0.57922841819964244];

M = ...
  [3.0053766713954611 2.9774115313899636;
   3.0183388501459509 3.0086217332036811];

f1 = ...
  [1.28442158 2.08578822 1.88935858;
   3.98286224 0.32830655000000003 2.56823105;
   2.6062902 4.97499132 8.2491137];

h = ...
  [7.87357402 10.932061560000001 14.28375044;
   7.1037383 7.38908609 7.31799609;
   11.01908718 12.22464749 12.70670333];

m = 3;

m0 = ...
  [0 0;
   0 0];

m1 = ...
  [1 1;
   1 1];

maxM = 3.0183388501459509;

me = ...
  [1 0;
   0 1];

minM = 2.9774115313899636;

mr = ...
  [0.5376671395461 -2.2588468610036481;
   1.8338850145950865 0.86217332036812055];

p = 81.259352815343746;

s = 12.009748786135056;

stolb = 2;

strok = 2;

v = 1;

w = 2;

